.Random.seed <-
c(403L, 10L, 1268941476L, -420589977L, -526270531L, 2121609524L, 
-967789926L, -1566396187L, -1943276929L, -2039399418L, -1007071344L, 
-592596429L, -634754607L, -1224000640L, -1801193890L, 486059433L, 
-1818985381L, 1948345450L, 650452236L, -1037959345L, 1275919365L, 
1177232060L, -2007272558L, 1632153741L, -740161849L, 1553420206L, 
850164232L, -1346879989L, -825723159L, -338718280L, 2055482982L, 
-1148507391L, 1646427539L, 754685506L, 962988532L, 257061879L, 
-1151301651L, 1893294212L, -1798015318L, 1696803861L, 666573999L, 
1564725942L, -1446276896L, 342563875L, -94231743L, 2109615664L, 
1565658190L, 993166521L, 1583087819L, 1761439098L, 1088991356L, 
130749631L, 1402134933L, -341972564L, -1864942718L, 680493405L, 
-866140073L, -1152772290L, 669409144L, 1143899L, 2112684985L, 
598000136L, 369617078L, -1097150479L, -2026341853L, 1436578418L, 
-1493407548L, 567475847L, 312063581L, 1354029140L, -426235270L, 
1474367941L, -878165217L, -1374032218L, -1411907536L, -47209773L, 
1056594161L, -1227758560L, 329458366L, -2001271095L, -1923496837L, 
409565770L, 1598537388L, 1974466991L, 1500369253L, -1720058084L, 
-343579790L, -691347475L, -1802498009L, -1869412274L, -1764676440L, 
1852850859L, -200882231L, 947469272L, 1246071430L, -2110444703L, 
-353358093L, -1606225566L, 1735487444L, -1754252585L, -1399177011L, 
1978611812L, 1304368714L, -2137087051L, 1103511311L, 565263382L, 
828311232L, 1628496003L, 680385697L, -7114096L, -1933381266L, 
-152408295L, -600136789L, 796397978L, 1832265052L, 1717296223L, 
1413571637L, 266379212L, -1999480030L, 699000189L, -1492195721L, 
-1387528290L, 1257135704L, -225904709L, -1720084135L, -305917208L, 
-1003222250L, 168860817L, 1827778883L, -684549038L, -878682396L, 
242977063L, -1538987651L, 1510023284L, -428621222L, 1540181669L, 
-1032176449L, 957972294L, 1353088464L, -1353187341L, -1269045487L, 
1168516928L, -819835106L, 1221189609L, 1506014491L, 1900384042L, 
468713548L, 2018183183L, 67633989L, 105719036L, 1000387410L, 
-1221565235L, -2012330873L, 1088962414L, 377098568L, 430118219L, 
-984188759L, 1865370104L, -1203824346L, -1449424319L, -2079398957L, 
-1323486846L, -770828876L, -1577729737L, -1775033299L, -1293356732L, 
-892680598L, -1754165035L, -284721553L, 1042594678L, 957795488L, 
-1787157149L, 2101650945L, 219424112L, 1501230350L, -1213270151L, 
356370187L, 632465466L, -1744718020L, -352291713L, 250505173L, 
227346924L, -1130321086L, 884143261L, -499159785L, 198730878L, 
-320627656L, -569869541L, -933613447L, -208701240L, -1128083210L, 
-1211289295L, 1692703075L, -926422222L, 1546839172L, -1097785145L, 
-510444643L, 737574676L, 1596896698L, -1589439483L, -1741354529L, 
9702502L, 516033520L, 244765971L, -1701811535L, 1270498656L, 
1967209214L, -383445367L, 556048827L, -70386806L, -1615953300L, 
-890090513L, 1891046437L, 690891996L, 451101362L, -204950099L, 
437725543L, -1069840754L, -1713967256L, 478033771L, -1378242295L, 
-207485032L, 392732358L, 1936903201L, 1260611763L, 1396544034L, 
-1550564332L, -555149161L, -904988019L, 502210596L, 269311544L, 
-671665446L, -1516636272L, -417196804L, 2046979476L, -2096381118L, 
1878854144L, -668219332L, 1166238288L, -397680478L, 2072732488L, 
-1910408692L, -1576232228L, -866996142L, -71365504L, 1899906900L, 
152870888L, 1831498490L, -821958832L, -1461353428L, -612431500L, 
-1510617454L, -887930272L, 2079502476L, 1828999520L, -1339049758L, 
31894696L, 1231402700L, 999455228L, 2144480178L, -167345168L, 
1945076164L, -1570325160L, -567414406L, -311070288L, -517051972L, 
-1210147244L, 1632156098L, -1851497696L, -579480644L, -465555376L, 
-1488479262L, -561070232L, 125581132L, -381915396L, 521594610L, 
-1928225536L, 442309748L, -671314424L, 1421223354L, 671294928L, 
-1146181652L, -398005356L, -1640331054L, 168588384L, 1018703180L, 
-1313090784L, 1632225922L, -305901080L, 2104105964L, 1750273596L, 
-1500543374L, -1730221200L, -1436472028L, -1534649800L, 1526481306L, 
-692064816L, -1368734276L, -1097552236L, -153718142L, 792653248L, 
-707471556L, 1243136656L, 699672354L, 167003656L, 1017471756L, 
1790251932L, -98509806L, -1409340544L, 1291479828L, -466537176L, 
407322682L, 1772516304L, -2130773396L, 1042041908L, -851447662L, 
695114080L, -299377332L, -292244000L, -43344990L, -1986790488L, 
670641292L, 1102373820L, -639658894L, 494643184L, 1300608068L, 
2125637720L, -613003206L, -113596304L, 271978044L, 753567508L, 
2098064066L, -1503980832L, 1794458748L, -143741744L, 19530658L, 
643333672L, -2055974644L, 36157372L, -1981300430L, -728622912L, 
21623348L, -1998279992L, 1841468090L, -1373070192L, -1507674388L, 
-261179820L, -1106413934L, 861464352L, 200939468L, 1158621408L, 
-1737285950L, 1361105960L, -1840399444L, -1925326148L, 605168114L, 
863958576L, -1571022940L, -1601318472L, -1787876518L, -670767984L, 
-1432659076L, -34967788L, -695030462L, -1078849792L, 1998912444L, 
2090495824L, -1230622430L, -2080994744L, -1077340148L, -1489777572L, 
1874866642L, -1635322368L, 1603776852L, -1654869784L, 74772730L, 
-278169904L, 1638213932L, 401328372L, -1419633262L, -289478304L, 
517498892L, -1557386528L, -534957470L, -1933194584L, -1351742900L, 
1841420156L, -1689150158L, 534677104L, -1777231036L, 1317722072L, 
-2126368902L, 1703951920L, -1929922628L, 27993684L, -186181566L, 
-115142496L, 1217883836L, 273983952L, 89703266L, -782589208L, 
1479184588L, 652743164L, 575011314L, -104068480L, -1461660172L, 
188778120L, 42987322L, -226987184L, -1706740628L, -1013347948L, 
-204909486L, -1903588896L, -160555828L, 1959816352L, -1247767166L, 
681074920L, -886300948L, 369745212L, 1573592178L, 1747923056L, 
1979205668L, 153734200L, -1785407718L, -820212528L, 1369249596L, 
2144622484L, -175481982L, -228847168L, 1632738876L, -1442302576L, 
-648026590L, -245826296L, 1490089612L, 1102653212L, 518156434L, 
1496897920L, -487166444L, 1129680680L, 1238016570L, -1842350640L, 
1063237996L, 1715336116L, 1505368082L, 2006695392L, -300445748L, 
-1659883296L, -717412318L, 1856659752L, 1117158924L, -2060173508L, 
1442630642L, -40621328L, -1560418748L, 650420824L, -1137533126L, 
-1579602320L, 1366979854L, 1781193275L, -922181347L, 377410506L, 
2007370984L, 1024602065L, 1763590595L, 1539107524L, 1004071282L, 
1371698247L, 1106253841L, 39289238L, -1992895244L, 881499781L, 
-241010737L, -1139067192L, 1974153062L, -1749068397L, -1835227403L, 
1158334162L, -866840288L, 884523273L, -1564056005L, -736380020L, 
136911386L, 1957931663L, 522024409L, -1555703186L, 486148604L, 
-1433719955L, -983763689L, -997801760L, -1378699586L, 1149990027L, 
-1391000819L, 960537402L, -1166107784L, -1227658975L, -645414445L, 
851423476L, -166096510L, 513741847L, -2018737439L, -983516122L, 
-1731335900L, -1942361643L, -342014593L, -1659667432L, -1073925322L, 
-1870649917L, 584141829L, 1628800930L, -839564400L, 1062963001L, 
1083454443L, -1699822372L, -560079606L, -971373569L, -472615351L, 
-655277090L, 1180703628L, 1396013917L, -26162329L, 1112424592L, 
-1542365522L, -1651344549L, -1048491203L, 99664298L, -639226296L, 
130457201L, 459440099L, 2138286820L, 1411437074L, -1400814105L, 
447959473L, -2039040010L, 1415547412L, 1176024357L, -152508881L, 
-1698544664L, -571075386L, -2108509837L, 1442765269L, 609299890L, 
2018919296L, 1341781865L, 1402248155L, 1480442668L, -1123967686L, 
1312613359L, -818186631L, -821055218L, 1602318556L, 2081802061L, 
1828243127L, -404650944L, 1341881630L, 1329903595L, -603235475L, 
-867460646L, 367874968L, -2120676863L, -1207891021L, -1992324396L, 
-607355934L, -1029214601L, 3045313L, 1217602886L, 934687876L, 
478714421L, -1231535585L, -75082376L, -757631914L, -926979869L, 
-954949979L, 1819636546L, -1581778640L, 74801497L, 866038475L, 
-706208964L, 220836714L, 421601695L, 2020726825L, 885433022L, 
-1192873044L, -1981423363L, 676908103L, 1381989168L, -1267241906L, 
1241645179L, -62082083L, 1647983114L, -1415155928L, 947986833L, 
-1051052157L, -1921340284L, 1658821298L, 785047047L, -707944879L, 
1202517462L, -2006873932L, -511675195L, -784959985L, -1065791864L, 
